	27.0	28.0	29.0	30.0	31.0	32.0	33.0	34.0	35.0	36.0	37.0	38.0	39.0	40.0
CONTROL_REP1_1	1.0	3.0	11.0	167.0	852.0	2795.0	6648.0	12614.0	22991.0	52240.0	75486.0	19315.0	382.0	1.0
	28.0	29.0	30.0	31.0	32.0	33.0	34.0	35.0	36.0	37.0	38.0	39.0
CONTROL_REP1_2	2.0	23.0	247.0	1032.0	3599.0	8286.0	16002.0	31410.0	58121.0	55653.0	18818.0	313.0
	26.0	27.0	28.0	29.0	30.0	31.0	32.0	33.0	34.0	35.0	36.0	37.0	38.0
CONTROL_REP2_1	2.0	12.0	34.0	168.0	594.0	1780.0	4710.0	10675.0	22182.0	40725.0	62911.0	65196.0	29707.0
	27.0	28.0	29.0	30.0	31.0	32.0	33.0	34.0	35.0	36.0	37.0	38.0
CONTROL_REP2_2	9.0	48.0	196.0	578.0	1727.0	4731.0	11352.0	24098.0	43658.0	62726.0	62836.0	26737.0
	28.0	29.0	30.0	31.0	32.0	33.0	34.0	35.0	36.0	37.0	38.0	39.0
CONTROL_REP3_1	2.0	12.0	166.0	911.0	3114.0	7463.0	13774.0	25664.0	59355.0	86584.0	22236.0	287.0
	28.0	29.0	30.0	31.0	32.0	33.0	34.0	35.0	36.0	37.0	38.0	39.0
CONTROL_REP3_2	1.0	40.0	245.0	1194.0	3941.0	9067.0	17181.0	34534.0	65209.0	65774.0	22118.0	264.0
	25.0	26.0	27.0	28.0	29.0	30.0	31.0	32.0	33.0	34.0	35.0	36.0	37.0	38.0
CONTROL_REP4_1	3.0	3.0	3.0	59.0	183.0	471.0	1341.0	3524.0	8053.0	16121.0	28932.0	43586.0	43709.0	17093.0
	25.0	26.0	27.0	28.0	29.0	30.0	31.0	32.0	33.0	34.0	35.0	36.0	37.0	38.0
CONTROL_REP4_2	3.0	4.0	1.0	36.0	163.0	443.0	1263.0	3314.0	8108.0	17024.0	30227.0	42964.0	42250.0	17281.0

