	46	48	50	52	54	56	58	60	62	64	66	68	70	72	74	76	78	80	82	84	86	88	90	92	94	96	98
CONTROL_REP1_1	10.0	94.0	372.0	398.0	502.0	412.0	489.0	480.0	607.0	555.0	651.0	607.0	672.0	684.0	723.0	720.0	762.0	858.0	996.0	998.0	1216.0	1153.0	1226.0	1259.0	3599.0	14947.0	158516.0
	46	48	50	52	54	56	58	60	62	64	66	68	70	72	74	76	78	80	82	84	86	88	90	92	94	96	98
CONTROL_REP1_2	5.0	98.0	445.0	524.0	522.0	492.0	641.0	704.0	764.0	712.0	727.0	715.0	822.0	841.0	885.0	710.0	801.0	1094.0	933.0	933.0	1094.0	1219.0	1226.0	1360.0	2591.0	14235.0	158413.0
	44	46	48	50	52	54	56	58	60	62	64	66	68	70	72	74	76	78	80	82	84	86	88	90	92	94	96	98
CONTROL_REP2_1	1.0	19.0	372.0	1371.0	1394.0	2049.0	1644.0	2145.0	2419.0	2621.0	3618.0	2727.0	3589.0	4220.0	3465.0	4650.0	3367.0	4942.0	4690.0	4162.0	6086.0	4078.0	6166.0	5615.0	6169.0	10015.0	18454.0	128648.0
	46	48	50	52	54	56	58	60	62	64	66	68	70	72	74	76	78	80	82	84	86	88	90	92	94	96	98
CONTROL_REP2_2	19.0	337.0	1345.0	1372.0	2015.0	1663.0	2334.0	2558.0	2668.0	3689.0	2965.0	3854.0	4370.0	4280.0	5657.0	3955.0	5137.0	5140.0	4904.0	6086.0	4054.0	5924.0	5261.0	5326.0	8490.0	12252.0	133041.0
	46	48	50	52	54	56	58	60	62	64	66	68	70	72	74	76	78	80	82	84	86	88	90	92	94	96	98
CONTROL_REP3_1	6.0	108.0	413.0	467.0	562.0	426.0	545.0	589.0	642.0	650.0	673.0	683.0	733.0	713.0	810.0	755.0	837.0	893.0	1011.0	1168.0	1307.0	1275.0	1492.0	1408.0	4227.0	16771.0	180404.0
	44	46	48	50	52	54	56	58	60	62	64	66	68	70	72	74	76	78	80	82	84	86	88	90	92	94	96	98
CONTROL_REP3_2	1.0	2.0	139.0	480.0	533.0	614.0	542.0	595.0	682.0	791.0	739.0	756.0	742.0	827.0	901.0	871.0	775.0	876.0	1166.0	1017.0	1038.0	1093.0	1319.0	1247.0	1535.0	2826.0	16275.0	181186.0
	44	46	48	50	52	54	56	58	60	62	64	66	68	70	72	74	76	78	80	82	84	86	88	90	92	94	96	98
CONTROL_REP4_1	1.0	8.0	273.0	912.0	952.0	1352.0	1111.0	1531.0	1611.0	1678.0	2474.0	1808.0	2507.0	2922.0	2454.0	3305.0	2274.0	3489.0	3396.0	3035.0	4345.0	2922.0	4693.0	4171.0	4148.0	7010.0	12599.0	86100.0
	46	48	50	52	54	56	58	60	62	64	66	68	70	72	74	76	78	80	82	84	86	88	90	92	94	96	98
CONTROL_REP4_2	8.0	213.0	878.0	867.0	1285.0	1049.0	1600.0	1617.0	1768.0	2474.0	1951.0	2626.0	2957.0	2899.0	3605.0	2640.0	3560.0	3528.0	3354.0	4274.0	2956.0	4547.0	3882.0	3662.0	5798.0	9376.0	89707.0

