	1	2	3	4	5	6	7	9	10	12	14	15	16	17	18	19	20	21	97
CONTROL_REP1_1 - Adapter 1	0.8136826254233935	0.8536870917473416	1.186254561896457	2.087585583257977	3.2093023255813953	0.08264462809917356	0.3305785123966942	3.75	15.0	1.0	1.0	1.0	1.0	2.0	2.0	1.0	1.0	1.0	1.0
	1	2	3	4	5	6	7	8	9	10	11	16	17	21	22
CONTROL_REP1_2 - Adapter 1	0.7527624030585263	0.8535256073830652	1.211122953202209	0.8538948456271799	2.34625322997416	0.04132231404958678	0.24793388429752067	0.3333333333333333	1.25	15.0	2.0	1.0	1.0	1.0	1.0
	1	2	3	4	5	6	7	8	9	10	11	13	15	16	17	18	19
CONTROL_REP2_1 - Adapter 1	0.8669969280831482	1.0498549035320974	1.3220009713453134	1.9096648858669256	2.0901320901320903	0.24883359253499224	0.49689440993788814	1.0	7.0	10.0	20.0	2.0	1.0	1.0	1.0	1.0	1.0
	1	2	3	4	5	6	7	8	9	10	11	12	13	15	17
CONTROL_REP2_2 - Adapter 1	0.6468934785512209	0.7209898128923372	1.0174842156386597	0.4681884409907722	1.3325563325563328	0.2332814930015552	0.18633540372670807	1.0	3.0	10.0	10.0	7.0	2.0	2.0	1.0
	1	2	3	4	5	6	7	8	9	10	13	14	16	17	23
CONTROL_REP3_1 - Adapter 1	0.7948866631523458	0.8465296081532244	1.1147347409260873	2.161493477282951	3.2703553756185335	0.1079136690647482	0.07194244604316546	0.5714285714285714	4.444444444444445	5.0	2.0	2.0	1.0	2.0	1.0
	1	2	3	4	5	6	7	8	9	10	11	12	13	14	15	16
CONTROL_REP3_2 - Adapter 1	0.7599543138288526	0.8554559831312599	1.1813657960583654	0.7995951417004048	2.312190733243365	0.07194244604316546	0.2158273381294964	0.5714285714285714	1.1111111111111112	15.0	20.0	3.0	1.0	4.0	1.0	1.0
	1	2	3	4	5	6	7	8	9	10	11	12	13	16	19
CONTROL_REP4_1 - Adapter 1	0.8205152544127989	1.0334472403437922	1.2512512512512513	1.810023470937457	2.0706791827719493	0.17660044150110377	0.44247787610619466	1.0714285714285714	5.714285714285714	35.0	2.0	2.0	1.0	2.0	1.0
	1	2	3	4	5	6	7	9	10	11	12	14	16
CONTROL_REP4_2 - Adapter 1	0.6651666098572285	0.762659210935073	1.2201857029443237	0.5149799806709927	1.2147984538928769	0.17660044150110377	0.08849557522123894	8.571428571428571	15.0	2.0	3.0	1.0	2.0

