	1	2	3	4	5	6	7	9	10	12	14	15	16	17	18	19	20	21	97
CONTROL_REP1_1 - Adapter 1	40310	10573	3673	1616	621	4	4	3	3	1	1	1	1	2	2	1	1	1	1
	1	2	3	4	5	6	7	8	9	10	11	16	17	21	22
CONTROL_REP1_2 - Adapter 1	37292	10571	3750	661	454	2	3	1	1	3	2	1	1	1	1
	1	2	3	4	5	6	7	8	9	10	11	13	15	16	17	18	19
CONTROL_REP2_1 - Adapter 1	57124	17293	5444	1966	538	16	8	4	7	3	2	2	1	1	1	1	1
	1	2	3	4	5	6	7	8	9	10	11	12	13	15	17
CONTROL_REP2_2 - Adapter 1	42622	11876	4190	482	343	15	3	4	3	3	1	7	2	2	1
	1	2	3	4	5	6	7	8	9	10	13	14	16	17	23
CONTROL_REP3_1 - Adapter 1	45237	12044	3965	1922	727	6	1	2	4	1	2	2	1	2	1
	1	2	3	4	5	6	7	8	9	10	11	12	13	14	15	16
CONTROL_REP3_2 - Adapter 1	43249	12171	4202	711	514	4	3	2	1	3	2	3	1	4	1	1
	1	2	3	4	5	6	7	8	9	10	11	12	13	16	19
CONTROL_REP4_1 - Adapter 1	38034	11976	3625	1311	375	8	5	3	4	7	2	2	1	2	1
	1	2	3	4	5	6	7	9	10	11	12	14	16
CONTROL_REP4_2 - Adapter 1	30833	8838	3535	373	220	8	1	6	3	2	3	1	2

